00000000000011111111000000000000
00000000000013301111000000011000
00111100000013300000000000011000
00111100000011000111001111001100
00000000000011110111001111001100
00000000000011110011004411000011
00000200000011110000004411000000
11100220000011110000001111000111
15100000000011110002001111000161
11104444440000000002201144000111
00004444440000000000000044000000
00001144330000001130000033000220
00111133000000001130000033002220
00111000000000111110000033000000
00111000110000111110111111111100
02111200122200000110111111111100
02112220000000000110000111000000